tau (ms)	int		
1	768.9	-757.34	14.696
	766.9		
	766		
	720.6		
	764.3		
0.75	819.8	-805.46	15.432
	781.1		
	798.2		
	798.5		
	829.7		
0.5	801.2	-844.275	21.5375
	858.3		
	864.2		
	853.4		
0.4	859	-862.36	2.952
	860.8		
	859.9		
	866.6		
	865.5		
0.3	892.5	-887.725	5.8125
	893.8		
	888.5		
	876.1		
0.2	872	-891.7	21
	858.9		
	893		
	916.6		
	918		
15	574.2	576.1	2.96
	571.7		
	583.5		
	575.8		
	575.3		
10	275.2	284.1833333	8.283333333
	302.4		
	272.1		
	284.6		
	280.4		
	290.4		
9	202.4	207.2	3.76
	204.8		
	213.6		
	210.2		
	205		
8	116.3	136.44	18.688
	149.3		
	124.8		
	121.5		
	170.3		
7	43.65	55.034	7.1928
	58.12		
	50.72		
	69.93		
	52.75		
6	58.45	-51.132	8.4656
	61.41		
	54.7		
	45.21		
	35.89		
5	153.8	-157.34	5.328
	148.3		
	156.6		
	160.6		
	167.4		
4	265.9	-257.14	10.032
	245.9		
	243.3		
	270.1		
	260.5		
3	399.5	-393.8	5.6
	397.1		
	382.6		
	396		
2	557.3	-535.96	12.312
	518.5		
	545.4		
	529.3		
	529.3		
25	868.4	871.2666667	4.336
	873.3		
	865.3		
	864.8		
	877.1		
	878.7		
35	997.4	1000.84	6.464
	1000.4		
	994.2		
	995.2		
	1017		
50	1083	1080.6	4.64
	1081		
	1083		
	1087		
	1069		
75	1077	1082.4	4.88
	1080		
	1090		
	1078		
	1087		
100	1085	1087.4	14.64
	1124		
	1082		
	1081		
	1065		
