tau (ms)	int	SIGMA
1	776.5	-770.26	11.832					
	767.4
	793.6							
	755.9							
	757.9							
2	641.2	-626.24	18.78					
	636.4							
	651.4							
	664.6							
	631.5							
	595.1							
	595.3							
	613.9							
	618.8							
	614.2							
3	517.5	-513.26	4.984					
	516.9							
	517.5							
	500.8							
	513.6							
4	427	-396.76	14.472					
	369.2							
	390.4							
	402.7							
	394.5							
5	296.5	-273.78	11.896					
	269.9							
	280.8							
	261.7							
	260							
6	184.5	-177.14	6.808					
	186.8							
	171.6							
	175.4							
	167.4							
7	105.2	-97.248	6.2464					
	92.24							
	99.46							
	102.7							
	86.64							
8	38.62	-36.612	5.3544					
	47.99							
	31.54							
	32.66							
	32.25							
9	66.84	59.326	4.3352					
	56.88							
	54.8							
	62.65							
	55.46							
10	109.6	117.76	6.192					
	123							
	128							
	111							
	117.2							
11	192.1	188.14	9.152					
	179.3							
	190.4							
	204.8							
	174.1							
12	193.5	198.96	3.432					
	206.8							
	198.4							
	199.7							
	196.4							
13	243.4	241.98	5.552					
	228.1							
	252.2							
	242.8							
	243.4							
14	312.8	294.08	8.416					
	276.8							
	296.4							
	293							
	291.4							
15	319.5	320.7285714	5.048					
	322.4							
	309.4							
	320.4							
	331.5							
	329.1							
	312.8							
16	380.8	372.2	3.56					
	368.5							
	372.5							
	367.4							
	371.8							
17	403.8	400.76	1.632					
	399.2							
	401.8							
	399.6							
	399.4							
18	447.5	438.06	3.792					
	437.5							
	438.1							
	437							
	430.2							
19	471.8	464.42	4.016					
	459.2							
	465.2							
	466.3							
	459.6							
20	497.7	493.98	6.864					
	478.1							
	492.7							
	504.5							
	496.9							
25	592.3	598.88	8.928					
	591.8							
	594.5							
	621.2							
	594.6							
30	666.7	679.8	15.328					
	689							
	678.5							
	685							
35	727.7	735.38	8.456					
	734.4							
	739.4							
	752.5							
	722.9							
45	824.5	814.8	9.6					
	819.6							
	800.1							
	824.3							
	805.5							
55	859.6	854.75	7.383333333					
	862.1							
	852.8							
	845.6							
	843.7							
	864.7							
75	929	904.38	15.344					
	908.2							
	914.3							
	900.4							
	870							
100	870.4	919.54	21.632					
	914.6							
	943.3							
	939							
	930.4							
200	918.1	913.52	10.128					
	888.2							
	918.1							
	921.8							
	921.4							
150	878.8	906.1	16.15					
	901.1							
	916.2							
	928.3							
