tau (ms)	int		
0.5	234.2	-215.1428571	3.84
	248.6		
	240		
	236		
	240.7		
1	146.9	-134.9471429	3.72
	159.6		
	154.3		
	159.7		
	154.5		
1.5	84.66	-68.96571429	2.4448
	84.97		
	90.68		
	88.86		
	84.4		
2	24.44	-26.06	1.4176
	24.75		
	25.79		
	27.89		
	22.47		
2.5	29.67	41.47714286	2.3992
	27.41		
	28.08		
	31.18		
	21.88		
3	77.34	121.36	3.5048
	74.78		
	78.65		
	81.12		
	87.33		
5	222	247.7714286	5.08
	228.3		
	223		
	208.1		
	222.6		
7	311.2	335.1142857	4.8
	319.2		
	310.5		
	311.6		
	323		
10	380	400.6857143	5.192
	390.3		
	393.3		
	395.3		
	384.3		
15	421.9	443.8571429	7.816
	439.7		
	442.8		
	446		
	431.2		
25	463.4	458.82	6.976
	462		
	451.8		
	468.5		
	448.4		
35	465.5	463.92	2.576
	465.8		
	461.2		
	460.2		
	466.9		
50	460.2	463.88	2.216
	465.8		
	463.7		
	462.2		
	467.5		
