tau (ms)	int		SIGMA
500	82.64	-88.02	6.868
	94.25		
	85.98		
	78.27		
	98.96		
300	110.4	-111.48	3.856
	112.6		
	120		
	104.9		
	109.5		
200	126.2	-123.62	1.032
	123		
	123.3		
	122.3		
	123.3		
100	130.6	-129.5	4.12
	137.4		
	123.5		
	125.2		
	130.8		
5000	167	164.12	3.816
	166.7		
	158.3		
	160.4		
	168.2		
4000	150.3	142.8	7.28
	149.3		
	147		
	130.5		
	136.9		
3000	102.9	105.28	2.696
	106.4		
	101.4		
	110.9		
	104.8		
2000	55.16	52.072	2.2216
	52.79		
	48.48		
	53.82		
	50.11		
1000	30.67	-31.36	2.688
	35.84		
	32.49		
	25.33		
	32.47		
750	49.95	-51.5325	3.0125
	52.39		
	47.09		
	56.7		
1500	17.92	19.09	2.544
	23.11		
	18.26		
	14.73		
	21.43		
7000	189.3	186.82	2.576
	182.3		
	184.9		
	188.3		
	189.3		
9000	197.3	196.1	1.72
	191.9		
	198		
	196		
	197.3		
20000	209.6	205.58	5.136
	199.1		
	204.3		
	200.5		
	214.4		
15000	199.6	202.54	6.928
	204.7		
	195.3		
	195.4		
	217.7		
