H 1 327 2.0 350 120 1.000  20 1.0E-1
F 2 10.000 0.001 350 0 20 20 3.0E-1
H 3 350 2.0 360 120 1.000  20 1.0E-1
F 4 10.000 0.001 360 0 20 20 3.0E-1
H 5 360 2.0 370 120 1.000  20 1.0E-1
F 6 10.000 0.001 370 0 20 20 3.0E-1
H 7 370 2.0 380 120 1.000  20 1.0E-1
F 8 10.000 0.001 380 0 20 20 3.0E-1
H 9 380 2.0 390 120 1.000  20 1.0E-1
F 10 10.000 0.001 390 0 20 20 3.0E-1
H 11 390 2.0 400 120 1.000  20 1.0E-1
F 12 10.000 0.001 400 0 20 20 3.0E-1
H 13 400 2.0 410 120 1.000  20 1.0E-1
F 14 10.000 0.001 410 0 20 20 3.0E-1
H 15 410 2.0 420 120 1.000  20 1.0E-1
F 16 10.000 0.001 420 0 20 20 3.0E-1
H 17 420 2.0 430 120 1.000  20 1.0E-1
F 18 10.000 0.001 430 0 20 20 3.0E-1
H 19 430 2.0 440 120 1.000  20 1.0E-1
F 20 10.000 0.001 440 0 20 20 3.0E-1
H 21 440 2.0 450 120 1.000  20 1.0E-1
F 22 10.000 0.001 450 0 20 20 3.0E-1
C 23 450 2.0 290 999 1.000  20 1.0E-1
